
0
2
3
4
5
7
8
9
10
11
15
17
18
20
21
23
26
28
31
32
33
35
36
37
40
44
45
46
49
50
51
52
54
55
56
63
67
70
71
72
73
74
76
77
78
79
80
81
89
91
93
94
95
96
97
98
102
103
104
105
106
110
111
112
114
115
116
119
120
121
122
123
125
126
127
130
132
133
134
137
139
140
141
142
144
145
146
147
148
149
150
152
153
154
155
156
157
164
167
170
175
176
180
181
186
196
197
198
201
203
204
205
206
207
208
209
210
211
213
214
216
218
219
220
222
223
224
225
226
227
228
229
230
231
235
236
237
238
239
241
242
243
244
245
248
249
250
251
254
255
-1
6
14
22
24
25
29
34
38
39
42
43
47
58
60
62
66
68
84
85
86
87
88
90
92
100
109
113
124
128
129
158
159
160
162
166
168
171
173
174
178
183
184
185
190
192
194
195
200
202
212
217
221
232
234
240
246
252
254
-1